empty
0
01
02
03
04
05
06
012
013
023
014
034
015
045
016
056
024
025
035
026
046
027
036
037
047
048
0123
0124
0234
0134
0125
0345
0126
0456
0127
0145
0156
0167
0235
0135
0245
0236
0346
0136
0356
0237
0457
0146
0256
0157
0267
0347
0147
0367
0148
0348
0158
0246
0247
0357
0257
0248
0268
0358
0258
0368
0369
0137
0467
01234
01235
02345
01245
01345
01236
03456
01237
04567
01256
01456
01267
01567
02346
01246
02456
01346
02356
02347
03457
01356
01248
02348
01257
02567
01268
01347
03467
01348
01457
02367
01367
01467
01378
01578
01458
03478
01478
02357
02457
01357
02467
02358
03568
02458
03468
01358
03578
02368
02568
01368
02578
01468
02478
01369
02369
01469
01479
02468
02469
02479
01247
03567
03458
01258
03678
012345
012346
023456
012356
013456
012456
012367
014567
012567
012678
023457
012357
024567
013457
023467
012457
023567
012467
013567
013467
013458
034578
012458
034678
014568
023478
012478
014678
012578
013678
013478
014578
014589
023468
024568
012468
024678
023568
013468
024578
013568
023578
013578
013469
023569
013569
013689
013679
023689
013589
014689
024579
023579
024679
013579
024689
02468A
012347
034567
012348
012378
023458
034568
012358
035678
012368
025678
012369
012568
023678
012569
012589
023469
012469
024569
012479
023479
012579
013479
014679
0123456
0123457
0234567
0123458
0345678
0123467
0134567
0123567
0124567
0123478
0145678
0123678
0125678
0234568
0123468
0245678
0123469
0234569
0134568
0234578
0123479
0124568
0234678
0123578
0135678
0124678
0123569
0134569
0124569
0123589
0146789
0123679
0123689
0124789
0125789
0124589
0134589
0125689
0234579
0245679
0123579
0246789
0234679
0235679
0134579
0245689
0124579
0245789
0135679
0234689
0124679
0235789
0124689
0135789
0134679
0235689
0134689
0135689
012468A
013468A
013568A
0123568
0235678
0134578
0124578
0134678
01234567
01234568
02345678
01234569
01234578
01345678
01234678
01245678
01235678
01234589
01234789
01236789
02345679
01234579
02456789
01345679
02345689
01234679
02356789
01245679
02345789
01234689
01356789
01235789
01246789
01345689
01235689
01346789
01245689
01345789
01245789
0123468A
0123568A
0123579A
0123578A
0124568A
0124678A
0124579A
0124578A
0124679A
0134679A
01235679
02346789
012345678
012345679
023456789
012345689
013456789
012345789
012456789
012346789
012356789
01234568A
01234578A
01234579A
01234678A
01234689A
01235678A
01234679A
01235679A
01235689A
01245689A
0123456789
012345678A
012345679A
012345689A
012345789A
012346789A
0123456789A
0123456789AB
